<?xml version="1.0" standalone="no"?>
<!DOCTYPE svg PUBLIC "-//W3C//DTD SVG 20010904//EN"
 "http://www.w3.org/TR/2001/REC-SVG-20010904/DTD/svg10.dtd">
<svg version="1.0" xmlns="http://www.w3.org/2000/svg"
 width="70.000000pt" height="55.000000pt" viewBox="0 0 70.000000 55.000000"
 preserveAspectRatio="xMidYMid meet">

<g transform="translate(0.000000,55.000000) scale(0.100000,-0.100000)"
fill="#000000" stroke="none">
<path d="M99 489 c-15 -6 -32 -22 -38 -38 -16 -37 -10 -223 7 -229 9 -3 12 24
12 112 0 104 2 116 19 126 29 15 493 14 509 -2 17 -17 17 -249 0 -266 -8 -8
-54 -12 -140 -12 -107 0 -128 -2 -128 -15 0 -13 21 -15 129 -15 174 0 174 0
179 145 5 135 -6 179 -50 194 -39 14 -462 13 -499 0z"/>
<path d="M377 383 c-4 -3 -7 -33 -7 -65 l0 -58 65 0 65 0 0 65 0 65 -58 0
c-32 0 -62 -3 -65 -7z"/>
<path d="M313 334 c-6 -3 -26 -49 -44 -102 -18 -53 -37 -100 -43 -104 -19 -13
-36 -9 -36 10 0 30 -22 42 -76 42 -38 0 -53 -4 -58 -16 -10 -27 -7 -99 6 -112
13 -13 85 -16 112 -6 9 3 16 17 16 29 0 19 6 24 33 27 31 3 33 6 67 106 26 77
39 102 52 102 10 0 18 7 18 15 0 14 -22 19 -47 9z m-153 -224 l0 -40 -40 0
-40 0 0 40 0 40 40 0 40 0 0 -40z"/>
</g>
</svg>
